48,2
46,1
46,3
60,49
60,48
60,47
60,46
60,45
60,44
60,43
60,42
60,41
60,40
60,39
60,38
60,37
60,36
60,35
48,1
48,3
10,133
10,107
10,159
10,249
10,253
10,193
10,283
11,29
11,21
11,25
11,15
8,13
8,5
8,18
8,9
58,5
58,4
58,3
58,2
58,1
58,0
56,5
56,4
56,3
56,2
56,1
56,0
54,5
54,4
54,3
54,2
54,1
54,0
52,5
52,4
52,3
52,2
52,1
52,0
20,3
20,2
20,1
19,3
19,2
19,1
18,3
18,1
14,3
14,1
13,3
13,1
12,3
12,2
12,1
11,17
11,9
11,7
11,5
11,3
11,2
11,1
10,285
10,225
10,221
10,207
10,163
10,123
10,73
10,65
10,3
10,2
10,1
9,7
9,5
9,3
9,2
